0669420
0669511
0669512
0669514
0669515
0669516
0669517
0669518
0669519
0669520
0669610
0669611
0669612
0669613
0669614
0669615
0669616
0669617
0669618
0669619
0669620
0669710
0669711
0669712
0669713
0669714
0669715
0669716
0669717
0669718
0669719
0669720
0669812
0669813
0669814
0669815
0669816
0669817
0669818
0669819
0669915
0669916
0669917
0669918
0669919
0669920
0670014
0670015
0670016
0670017
0670018
0670019
0670020
0670116
0670117
0670118
0670119
0670120
0670219
0670220
0769309
0769409
0769509
0769510
0769511
0769609
0769610
0769611
0769709
0769710
0769711
0769809
0769810
0769811
0769812
0769910
0769911
0770010
0770110
